image: koridor.pgm
resolution: 0.100000
origin: [-108.050011, -180.049988, 0.000000]
negate: 0
occupied_thresh: 0.65
free_thresh: 0.196

