image: koridor3.pgm
resolution: 0.025000
origin: [-50.012497, -30.012503, 0.000000]
negate: 0
occupied_thresh: 0.65
free_thresh: 0.196

